(100, 102), (107, 104), (108, 107), (104, 109), (108, 100), (107, 109), (104, 108), (107, 100), (109, 110), (108, 104), 0.124x+92.104, 3.275, 12.906, 3.593
(42, 47), (42, 47), (45, 42), (47, 45), (47, 52), (53, 52), (53, 57), (56, 52), (48, 43), (94, 94), 0.957x+2.662, 3.525, 14.055, 3.749
(59, 101), (102, 101), (100, 102), (103, 100), (103, 100), (103, 100), (103, 100), (58, 59), (41, 37), (94, 43), 0.699x+23.784, 13.434, 389.775, 19.743
(94, 37), (61, 95), (38, 37), (43, 39), (33, 95), (95, 63), (94, 61), (94, 43), (61, 61), (94, 43), -0.252x+75.243, 17.121, 407.498, 20.187
(43, 61), (107, 100), (102, 103), (108, 100), (107, 103), (108, 100), (102, 107), (103, 44), (105, 105), (44, 108), 0.192x+75.225, 14.735, 410.928, 20.271
(100, 104), (114, 105), (113, 119), (48, 57), (43, 42), (47, 44), (44, 59), (59, 59), (59, 105), (120, 99), 0.763x+22.314, 11.337, 225.321, 15.011
(118, 122), (98, 97), (115, 107), (108, 104), (100, 102), (107, 104), (108, 107), (104, 109), (108, 100), (107, 109), 0.849x+15.055, 3.615, 18.214, 4.268
(104, 108), (107, 100), (109, 110), (108, 104), (42, 47), (42, 47), (45, 42), (47, 45), (47, 52), (53, 52), 0.945x+4.154, 3.612, 14.305, 3.782
(53, 57), (56, 52), (48, 43), (94, 94), (59, 101), (102, 101), (100, 102), (103, 100), (103, 100), (103, 100), 0.818x+17.879, 7.473, 158.941, 12.607
(103, 100), (58, 59), (41, 37), (94, 43), (94, 37), (61, 95), (38, 37), (43, 39), (33, 95), (95, 63), 0.120x+52.583, 21.725, 627.529, 25.051
(94, 61), (94, 43), (61, 61), (94, 43), (43, 61), (107, 100), (102, 103), (108, 100), (107, 103), (108, 100), 0.641x+18.640, 17.953, 419.300, 20.477
(102, 107), (103, 44), (105, 105), (44, 108), (100, 104), (114, 105), (113, 119), (48, 57), (43, 42), (47, 44), 0.583x+35.734, 19.306, 623.273, 24.965
(44, 59), (59, 59), (59, 105), (120, 99), (118, 122), (98, 97), (115, 107), (108, 104), (100, 102), (107, 104), 0.570x+42.896, 8.499, 149.979, 12.247
(108, 107), (104, 109), (108, 100), (107, 109), (104, 108), (107, 100), (109, 110), (108, 104), (42, 47), (42, 47), 0.902x+9.394, 3.225, 16.080, 4.010
(45, 42), (47, 45), (47, 52), (53, 52), (53, 57), (56, 52), (48, 43), (94, 94), (59, 101), (102, 101), 0.990x+4.097, 8.053, 173.813, 13.184
(100, 102), (103, 100), (103, 100), (103, 100), (103, 100), (58, 59), (41, 37), (94, 43), (94, 37), (61, 95), 0.646x+21.717, 19.281, 569.141, 23.857
(38, 37), (43, 39), (33, 95), (95, 63), (94, 61), (94, 43), (61, 61), (94, 43), (43, 61), (107, 100), 0.096x+53.564, 15.930, 431.363, 20.769
(102, 103), (108, 100), (107, 103), (108, 100), (102, 107), (103, 44), (105, 105), (44, 108), (100, 104), (114, 105), -0.140x+111.753, 10.716, 321.991, 17.944
(113, 119), (48, 57), (43, 42), (47, 44), (44, 59), (59, 59), (59, 105), (120, 99), (118, 122), (98, 97), 0.808x+19.766, 11.198, 227.178, 15.072
(115, 107), (108, 104), (100, 102), (107, 104), (108, 107), (104, 109), (108, 100), (107, 109), (104, 108), (107, 100), 0.090x+95.407, 2.928, 10.893, 3.300
(109, 110), (108, 104), (42, 47), (42, 47), (45, 42), (47, 45), (47, 52), (53, 52), (53, 57), (56, 52), 0.946x+3.827, 3.314, 11.708, 3.422
(48, 43), (94, 94), (59, 101), (102, 101), (100, 102), (103, 100), (103, 100), (103, 100), (103, 100), (58, 59), 0.740x+25.397, 6.933, 144.635, 12.026
(41, 37), (94, 43), (94, 37), (61, 95), (38, 37), (43, 39), (33, 95), (95, 63), (94, 61), (94, 43), -0.140x+64.619, 19.030, 467.962, 21.632
(61, 61), (94, 43), (43, 61), (107, 100), (102, 103), (108, 100), (107, 103), (108, 100), (102, 107), (103, 44), 0.606x+25.573, 16.979, 462.860, 21.514
(105, 105), (44, 108), (100, 104), (114, 105), (113, 119), (48, 57), (43, 42), (47, 44), (44, 59), (59, 59), 0.745x+26.776, 11.834, 323.154, 17.976
(59, 105), (120, 99), (118, 122), (98, 97), (115, 107), (108, 104), (100, 102), (107, 104), (108, 107), (104, 109), 0.084x+96.857, 4.644, 40.129, 6.335
(108, 100), (107, 109), (104, 108), (107, 100), (109, 110), (108, 104), (42, 47), (42, 47), (45, 42), (47, 45), 0.944x+3.917, 4.038, 17.757, 4.214
(47, 52), (53, 52), (53, 57), (56, 52), (48, 43), (94, 94), (59, 101), (102, 101), (100, 102), (103, 100), 0.892x+11.625, 7.587, 164.499, 12.826
(103, 100), (103, 100), (103, 100), (58, 59), (41, 37), (94, 43), (94, 37), (61, 95), (38, 37), (43, 39), 0.633x+18.004, 18.631, 528.212, 22.983
(33, 95), (95, 63), (94, 61), (94, 43), (61, 61), (94, 43), (43, 61), (107, 100), (102, 103), (108, 100), 0.094x+65.193, 20.870, 511.529, 22.617
(107, 103), (108, 100), (102, 107), (103, 44), (105, 105), (44, 108), (100, 104), (114, 105), (113, 119), (48, 57), 0.286x+68.200, 15.719, 480.931, 21.930
(43, 42), (47, 44), (44, 59), (59, 59), (59, 105), (120, 99), (118, 122), (98, 97), (115, 107), (108, 104), 0.750x+22.955, 10.375, 219.231, 14.806
(100, 102), (107, 104), (108, 107), (104, 109), (108, 100), (107, 109), (104, 108), (107, 100), (109, 110), (108, 104), 0.124x+92.104, 3.275, 12.906, 3.593
(42, 47), (42, 47), (45, 42), (47, 45), (47, 52), (53, 52), (53, 57), (56, 52), (48, 43), (94, 94), 0.957x+2.662, 3.525, 14.055, 3.749
(59, 101), (102, 101), (100, 102), (103, 100), (103, 100), (103, 100), (103, 100), (58, 59), (41, 37), (94, 43), 0.699x+23.784, 13.434, 389.775, 19.743
(94, 37), (61, 95), (38, 37), (43, 39), (33, 95), (95, 63), (94, 61), (94, 43), (61, 61), (94, 43), -0.252x+75.243, 17.121, 407.498, 20.187
(43, 61), (107, 100), (102, 103), (108, 100), (107, 103), (108, 100), (102, 107), (103, 44), (105, 105), (44, 108), 0.192x+75.225, 14.735, 410.928, 20.271
(100, 104), (114, 105), (113, 119), (48, 57), (43, 42), (47, 44), (44, 59), (59, 59), (59, 105), (120, 99), 0.763x+22.314, 11.337, 225.321, 15.011
(118, 122), (98, 97), (115, 107), (108, 104), (100, 102), (107, 104), (108, 107), (104, 109), (108, 100), (107, 109), 0.849x+15.055, 3.615, 18.214, 4.268
(104, 108), (107, 100), (109, 110), (108, 104), (42, 47), (42, 47), (45, 42), (47, 45), (47, 52), (53, 52), 0.945x+4.154, 3.612, 14.305, 3.782
(53, 57), (56, 52), (48, 43), (94, 94), (59, 101), (102, 101), (100, 102), (103, 100), (103, 100), (103, 100), 0.818x+17.879, 7.473, 158.941, 12.607
(103, 100), (58, 59), (41, 37), (94, 43), (94, 37), (61, 95), (38, 37), (43, 39), (33, 95), (95, 63), 0.120x+52.583, 21.725, 627.529, 25.051
(94, 61), (94, 43), (61, 61), (94, 43), (43, 61), (107, 100), (102, 103), (108, 100), (107, 103), (108, 100), 0.641x+18.640, 17.953, 419.300, 20.477
(102, 107), (103, 44), (105, 105), (44, 108), (100, 104), (114, 105), (113, 119), (48, 57), (43, 42), (47, 44), 0.583x+35.734, 19.306, 623.273, 24.965
(44, 59), (59, 59), (59, 105), (120, 99), (118, 122), (98, 97), (115, 107), (108, 104), (100, 102), (107, 104), 0.570x+42.896, 8.499, 149.979, 12.247
(108, 107), (104, 109), (108, 100), (107, 109), (104, 108), (107, 100), (109, 110), (108, 104), (42, 47), (42, 47), 0.902x+9.394, 3.225, 16.080, 4.010
(45, 42), (47, 45), (47, 52), (53, 52), (53, 57), (56, 52), (48, 43), (94, 94), (59, 101), (102, 101), 0.990x+4.097, 8.053, 173.813, 13.184
(100, 102), (103, 100), (103, 100), (103, 100), (103, 100), (58, 59), (41, 37), (94, 43), (94, 37), (61, 95), 0.646x+21.717, 19.281, 569.141, 23.857
(38, 37), (43, 39), (33, 95), (95, 63), (94, 61), (94, 43), (61, 61), (94, 43), (43, 61), (107, 100), 0.096x+53.564, 15.930, 431.363, 20.769
(102, 103), (108, 100), (107, 103), (108, 100), (102, 107), (103, 44), (105, 105), (44, 108), (100, 104), (114, 105), -0.140x+111.753, 10.716, 321.991, 17.944
(113, 119), (48, 57), (43, 42), (47, 44), (44, 59), (59, 59), (59, 105), (120, 99), (118, 122), (98, 97), 0.808x+19.766, 11.198, 227.178, 15.072
(115, 107), (108, 104), (100, 102), (107, 104), (108, 107), (104, 109), (108, 100), (107, 109), (104, 108), (107, 100), 0.090x+95.407, 2.928, 10.893, 3.300
(109, 110), (108, 104), (42, 47), (42, 47), (45, 42), (47, 45), (47, 52), (53, 52), (53, 57), (56, 52), 0.946x+3.827, 3.314, 11.708, 3.422
(48, 43), (94, 94), (59, 101), (102, 101), (100, 102), (103, 100), (103, 100), (103, 100), (103, 100), (58, 59), 0.740x+25.397, 6.933, 144.635, 12.026
(41, 37), (94, 43), (94, 37), (61, 95), (38, 37), (43, 39), (33, 95), (95, 63), (94, 61), (94, 43), -0.140x+64.619, 19.030, 467.962, 21.632
(61, 61), (94, 43), (43, 61), (107, 100), (102, 103), (108, 100), (107, 103), (108, 100), (102, 107), (103, 44), 0.606x+25.573, 16.979, 462.860, 21.514
(105, 105), (44, 108), (100, 104), (114, 105), (113, 119), (48, 57), (43, 42), (47, 44), (44, 59), (59, 59), 0.745x+26.776, 11.834, 323.154, 17.976
(59, 105), (120, 99), (118, 122), (98, 97), (115, 107), (108, 104), (100, 102), (107, 104), (108, 107), (104, 109), 0.084x+96.857, 4.644, 40.129, 6.335
(108, 100), (107, 109), (104, 108), (107, 100), (109, 110), (108, 104), (42, 47), (42, 47), (45, 42), (47, 45), 0.944x+3.917, 4.038, 17.757, 4.214
(47, 52), (53, 52), (53, 57), (56, 52), (48, 43), (94, 94), (59, 101), (102, 101), (100, 102), (103, 100), 0.892x+11.625, 7.587, 164.499, 12.826
(103, 100), (103, 100), (103, 100), (58, 59), (41, 37), (94, 43), (94, 37), (61, 95), (38, 37), (43, 39), 0.633x+18.004, 18.631, 528.212, 22.983
(33, 95), (95, 63), (94, 61), (94, 43), (61, 61), (94, 43), (43, 61), (107, 100), (102, 103), (108, 100), 0.094x+65.193, 20.870, 511.529, 22.617
(107, 103), (108, 100), (102, 107), (103, 44), (105, 105), (44, 108), (100, 104), (114, 105), (113, 119), (48, 57), 0.286x+68.200, 15.719, 480.931, 21.930
(43, 42), (47, 44), (44, 59), (59, 59), (59, 105), (120, 99), (118, 122), (98, 97), (115, 107), (108, 104), 0.750x+22.955, 10.375, 219.231, 14.806
(100, 102), (107, 104), (108, 107), (104, 109), (108, 100), (107, 109), (104, 108), (107, 100), (109, 110), (108, 104), 0.124x+92.104, 3.275, 12.906, 3.593
(42, 47), (42, 47), (45, 42), (47, 45), (47, 52), (53, 52), (53, 57), (56, 52), (48, 43), (94, 94), 0.957x+2.662, 3.525, 14.055, 3.749
(59, 101), (102, 101), (100, 102), (103, 100), (103, 100), (103, 100), (103, 100), (58, 59), (41, 37), (94, 43), 0.699x+23.784, 13.434, 389.775, 19.743
(94, 37), (61, 95), (38, 37), (43, 39), (33, 95), (95, 63), (94, 61), (94, 43), (61, 61), (94, 43), -0.252x+75.243, 17.121, 407.498, 20.187
(43, 61), (107, 100), (102, 103), (108, 100), (107, 103), (108, 100), (102, 107), (103, 44), (105, 105), (44, 108), 0.192x+75.225, 14.735, 410.928, 20.271
(100, 104), (114, 105), (113, 119), (48, 57), (43, 42), (47, 44), (44, 59), (59, 59), (59, 105), (120, 99), 0.763x+22.314, 11.337, 225.321, 15.011
(118, 122), (98, 97), (115, 107), (108, 104), (100, 102), (107, 104), (108, 107), (104, 109), (108, 100), (107, 109), 0.849x+15.055, 3.615, 18.214, 4.268
(104, 108), (107, 100), (109, 110), (108, 104), (42, 47), (42, 47), (45, 42), (47, 45), (47, 52), (53, 52), 0.945x+4.154, 3.612, 14.305, 3.782
(53, 57), (56, 52), (48, 43), (94, 94), (59, 101), (102, 101), (100, 102), (103, 100), (103, 100), (103, 100), 0.818x+17.879, 7.473, 158.941, 12.607
(103, 100), (58, 59), (41, 37), (94, 43), (94, 37), (61, 95), (38, 37), (43, 39), (33, 95), (95, 63), 0.120x+52.583, 21.725, 627.529, 25.051
(94, 61), (94, 43), (61, 61), (94, 43), (43, 61), (107, 100), (102, 103), (108, 100), (107, 103), (108, 100), 0.641x+18.640, 17.953, 419.300, 20.477
(102, 107), (103, 44), (105, 105), (44, 108), (100, 104), (114, 105), (113, 119), (48, 57), (43, 42), (47, 44), 0.583x+35.734, 19.306, 623.273, 24.965
(44, 59), (59, 59), (59, 105), (120, 99), (118, 122), (98, 97), (115, 107), (108, 104), (100, 102), (107, 104), 0.570x+42.896, 8.499, 149.979, 12.247
(108, 107), (104, 109), (108, 100), (107, 109), (104, 108), (107, 100), (109, 110), (108, 104), (42, 47), (42, 47), 0.902x+9.394, 3.225, 16.080, 4.010
(45, 42), (47, 45), (47, 52), (53, 52), (53, 57), (56, 52), (48, 43), (94, 94), (59, 101), (102, 101), 0.990x+4.097, 8.053, 173.813, 13.184
(100, 102), (103, 100), (103, 100), (103, 100), (103, 100), (58, 59), (41, 37), (94, 43), (94, 37), (61, 95), 0.646x+21.717, 19.281, 569.141, 23.857
(38, 37), (43, 39), (33, 95), (95, 63), (94, 61), (94, 43), (61, 61), (94, 43), (43, 61), (107, 100), 0.096x+53.564, 15.930, 431.363, 20.769
(102, 103), (108, 100), (107, 103), (108, 100), (102, 107), (103, 44), (105, 105), (44, 108), (100, 104), (114, 105), -0.140x+111.753, 10.716, 321.991, 17.944
(113, 119), (48, 57), (43, 42), (47, 44), (44, 59), (59, 59), (59, 105), (120, 99), (118, 122), (98, 97), 0.808x+19.766, 11.198, 227.178, 15.072
(115, 107), (108, 104), (100, 102), (107, 104), (108, 107), (104, 109), (108, 100), (107, 109), (104, 108), (107, 100), 0.090x+95.407, 2.928, 10.893, 3.300
(109, 110), (108, 104), (42, 47), (42, 47), (45, 42), (47, 45), (47, 52), (53, 52), (53, 57), (56, 52), 0.946x+3.827, 3.314, 11.708, 3.422
(48, 43), (94, 94), (59, 101), (102, 101), (100, 102), (103, 100), (103, 100), (103, 100), (103, 100), (58, 59), 0.740x+25.397, 6.933, 144.635, 12.026
(41, 37), (94, 43), (94, 37), (61, 95), (38, 37), (43, 39), (33, 95), (95, 63), (94, 61), (94, 43), -0.140x+64.619, 19.030, 467.962, 21.632
(61, 61), (94, 43), (43, 61), (107, 100), (102, 103), (108, 100), (107, 103), (108, 100), (102, 107), (103, 44), 0.606x+25.573, 16.979, 462.860, 21.514
(105, 105), (44, 108), (100, 104), (114, 105), (113, 119), (48, 57), (43, 42), (47, 44), (44, 59), (59, 59), 0.745x+26.776, 11.834, 323.154, 17.976
(59, 105), (120, 99), (118, 122), (98, 97), (115, 107), (108, 104), (100, 102), (107, 104), (108, 107), (104, 109), 0.084x+96.857, 4.644, 40.129, 6.335
(108, 100), (107, 109), (104, 108), (107, 100), (109, 110), (108, 104), (42, 47), (42, 47), (45, 42), (47, 45), 0.944x+3.917, 4.038, 17.757, 4.214
(47, 52), (53, 52), (53, 57), (56, 52), (48, 43), (94, 94), (59, 101), (102, 101), (100, 102), (103, 100), 0.892x+11.625, 7.587, 164.499, 12.826
(103, 100), (103, 100), (103, 100), (58, 59), (41, 37), (94, 43), (94, 37), (61, 95), (38, 37), (43, 39), 0.633x+18.004, 18.631, 528.212, 22.983
(33, 95), (95, 63), (94, 61), (94, 43), (61, 61), (94, 43), (43, 61), (107, 100), (102, 103), (108, 100), 0.094x+65.193, 20.870, 511.529, 22.617
(107, 103), (108, 100), (102, 107), (103, 44), (105, 105), (44, 108), (100, 104), (114, 105), (113, 119), (48, 57), 0.286x+68.200, 15.719, 480.931, 21.930
(43, 42), (47, 44), (44, 59), (59, 59), (59, 105), (120, 99), (118, 122), (98, 97), (115, 107), (108, 104), 0.750x+22.955, 10.375, 219.231, 14.806
(118, 100), (102, 107), (104, 108), (107, 104), (109, 108), (100, 107), (109, 104), (108, 107), (100, 109), (110, 108), -0.361x+144.677, 1.619, 3.249, 1.803
(104, 42), (47, 42), (47, 45), (42, 47), (45, 47), (52, 53), (52, 53), (57, 56), (52, 48), (43, 94), -0.244x+65.887, 8.810, 191.594, 13.842
(94, 59), (101, 102), (101, 100), (102, 103), (100, 103), (100, 103), (100, 103), (100, 58), (59, 41), (37, 94), 0.357x+54.690, 19.272, 462.439, 21.504
(43, 94), (37, 61), (95, 38), (37, 43), (39, 33), (95, 95), (63, 94), (61, 94), (43, 61), (61, 94), 0.278x+54.737, 21.498, 586.237, 24.212
(43, 43), (61, 107), (100, 102), (103, 108), (100, 107), (103, 108), (100, 102), (107, 103), (44, 105), (105, 44), 0.247x+71.487, 18.529, 576.971, 24.020
(108, 100), (104, 114), (105, 113), (119, 48), (57, 43), (42, 47), (44, 44), (59, 59), (59, 59), (105, 120), 0.754x+14.207, 14.722, 491.245, 22.164
(99, 118), (122, 98), (97, 115), (107, 108), (104, 100), (102, 107), (104, 108), (107, 104), (109, 108), (100, 107), -0.618x+172.224, 3.160, 15.481, 3.935
(109, 104), (108, 107), (100, 109), (110, 108), (104, 42), (47, 42), (47, 45), (42, 47), (45, 47), (52, 53), 0.798x+9.395, 11.476, 328.849, 18.134
(52, 53), (57, 56), (52, 48), (43, 94), (94, 59), (101, 102), (101, 100), (102, 103), (100, 103), (100, 103), 0.634x+31.238, 14.140, 304.907, 17.462
(100, 103), (100, 58), (59, 41), (37, 94), (43, 94), (37, 61), (95, 38), (37, 43), (39, 33), (95, 95), 0.184x+54.160, 23.731, 662.898, 25.747
(63, 94), (61, 94), (43, 61), (61, 94), (43, 43), (61, 107), (100, 102), (103, 108), (100, 107), (103, 108), 0.679x+41.725, 11.048, 186.496, 13.656
(100, 102), (107, 103), (44, 105), (105, 44), (108, 100), (104, 114), (105, 113), (119, 48), (57, 43), (42, 47), 0.279x+57.069, 27.251, 842.683, 29.029
(44, 44), (59, 59), (59, 59), (105, 120), (99, 118), (122, 98), (97, 115), (107, 108), (104, 100), (102, 107), 0.964x+6.253, 9.319, 143.007, 11.959
(104, 108), (107, 104), (109, 108), (100, 107), (109, 104), (108, 107), (100, 109), (110, 108), (104, 42), (47, 42), 0.975x+-3.361, 11.257, 370.484, 19.248
(47, 45), (42, 47), (45, 47), (52, 53), (52, 53), (57, 56), (52, 48), (43, 94), (94, 59), (101, 102), 0.487x+31.895, 12.401, 278.537, 16.689
(101, 100), (102, 103), (100, 103), (100, 103), (100, 103), (100, 58), (59, 41), (37, 94), (43, 94), (37, 61), 0.314x+61.544, 17.231, 412.665, 20.314
(95, 38), (37, 43), (39, 33), (95, 95), (63, 94), (61, 94), (43, 61), (61, 94), (43, 43), (61, 107), 0.479x+41.529, 22.576, 673.191, 25.946
(100, 102), (103, 108), (100, 107), (103, 108), (100, 102), (107, 103), (44, 105), (105, 44), (108, 100), (104, 114), -0.140x+112.922, 11.211, 348.272, 18.662
(105, 113), (119, 48), (57, 43), (42, 47), (44, 44), (59, 59), (59, 59), (105, 120), (99, 118), (122, 98), 0.708x+17.505, 15.966, 533.173, 23.091
(97, 115), (107, 108), (104, 100), (102, 107), (104, 108), (107, 104), (109, 108), (100, 107), (109, 104), (108, 107), -0.477x+156.711, 2.543, 9.995, 3.162
(100, 109), (110, 108), (104, 42), (47, 42), (47, 45), (42, 47), (45, 47), (52, 53), (52, 53), (57, 56), 0.673x+16.066, 10.476, 297.602, 17.251
(52, 48), (43, 94), (94, 59), (101, 102), (101, 100), (102, 103), (100, 103), (100, 103), (100, 103), (100, 58), 0.389x+52.522, 17.692, 393.716, 19.842
(59, 41), (37, 94), (43, 94), (37, 61), (95, 38), (37, 43), (39, 33), (95, 95), (63, 94), (61, 94), 0.103x+62.863, 25.170, 690.652, 26.280
(43, 61), (61, 94), (43, 43), (61, 107), (100, 102), (103, 108), (100, 107), (103, 108), (100, 102), (107, 103), 0.678x+37.870, 8.927, 168.682, 12.988
(44, 105), (105, 44), (108, 100), (104, 114), (105, 113), (119, 48), (57, 43), (42, 47), (44, 44), (59, 59), 0.317x+46.786, 26.118, 818.216, 28.604
(100, 102), (107, 104), (108, 107), (104, 109), (108, 100), (107, 109), (104, 108), (107, 100), (109, 110), (108, 104), 0.124x+92.104, 3.275, 12.906, 3.593
(42, 47), (42, 47), (45, 42), (47, 45), (47, 52), (53, 52), (53, 57), (56, 52), (48, 43), (94, 94), 0.957x+2.662, 3.525, 14.055, 3.749
(59, 101), (102, 101), (100, 102), (103, 100), (103, 100), (103, 100), (103, 100), (58, 59), (41, 37), (94, 43), 0.699x+23.784, 13.434, 389.775, 19.743
(94, 37), (61, 95), (38, 37), (43, 39), (33, 95), (95, 63), (94, 61), (94, 43), (61, 61), (94, 43), -0.252x+75.243, 17.121, 407.498, 20.187
(43, 61), (107, 100), (102, 103), (108, 100), (107, 103), (108, 100), (102, 107), (103, 44), (105, 105), (44, 108), 0.192x+75.225, 14.735, 410.928, 20.271
(100, 104), (114, 105), (113, 119), (48, 57), (43, 42), (47, 44), (44, 59), (59, 59), (59, 105), (120, 99), 0.763x+22.314, 11.337, 225.321, 15.011
(118, 122), (98, 97), (115, 107), (108, 104), (100, 102), (107, 104), (108, 107), (104, 109), (108, 100), (107, 109), 0.849x+15.055, 3.615, 18.214, 4.268
(104, 108), (107, 100), (109, 110), (108, 104), (42, 47), (42, 47), (45, 42), (47, 45), (47, 52), (53, 52), 0.945x+4.154, 3.612, 14.305, 3.782
(53, 57), (56, 52), (48, 43), (94, 94), (59, 101), (102, 101), (100, 102), (103, 100), (103, 100), (103, 100), 0.818x+17.879, 7.473, 158.941, 12.607
(103, 100), (58, 59), (41, 37), (94, 43), (94, 37), (61, 95), (38, 37), (43, 39), (33, 95), (95, 63), 0.120x+52.583, 21.725, 627.529, 25.051
(94, 61), (94, 43), (61, 61), (94, 43), (43, 61), (107, 100), (102, 103), (108, 100), (107, 103), (108, 100), 0.641x+18.640, 17.953, 419.300, 20.477
(102, 107), (103, 44), (105, 105), (44, 108), (100, 104), (114, 105), (113, 119), (48, 57), (43, 42), (47, 44), 0.583x+35.734, 19.306, 623.273, 24.965
(44, 59), (59, 59), (59, 105), (120, 99), (118, 122), (98, 97), (115, 107), (108, 104), (100, 102), (107, 104), 0.570x+42.896, 8.499, 149.979, 12.247
(108, 107), (104, 109), (108, 100), (107, 109), (104, 108), (107, 100), (109, 110), (108, 104), (42, 47), (42, 47), 0.902x+9.394, 3.225, 16.080, 4.010
(45, 42), (47, 45), (47, 52), (53, 52), (53, 57), (56, 52), (48, 43), (94, 94), (59, 101), (102, 101), 0.990x+4.097, 8.053, 173.813, 13.184
(100, 102), (103, 100), (103, 100), (103, 100), (103, 100), (58, 59), (41, 37), (94, 43), (94, 37), (61, 95), 0.646x+21.717, 19.281, 569.141, 23.857
(38, 37), (43, 39), (33, 95), (95, 63), (94, 61), (94, 43), (61, 61), (94, 43), (43, 61), (107, 100), 0.096x+53.564, 15.930, 431.363, 20.769
(102, 103), (108, 100), (107, 103), (108, 100), (102, 107), (103, 44), (105, 105), (44, 108), (100, 104), (114, 105), -0.140x+111.753, 10.716, 321.991, 17.944
(113, 119), (48, 57), (43, 42), (47, 44), (44, 59), (59, 59), (59, 105), (120, 99), (118, 122), (98, 97), 0.808x+19.766, 11.198, 227.178, 15.072
(115, 107), (108, 104), (100, 102), (107, 104), (108, 107), (104, 109), (108, 100), (107, 109), (104, 108), (107, 100), 0.090x+95.407, 2.928, 10.893, 3.300
(109, 110), (108, 104), (42, 47), (42, 47), (45, 42), (47, 45), (47, 52), (53, 52), (53, 57), (56, 52), 0.946x+3.827, 3.314, 11.708, 3.422
(48, 43), (94, 94), (59, 101), (102, 101), (100, 102), (103, 100), (103, 100), (103, 100), (103, 100), (58, 59), 0.740x+25.397, 6.933, 144.635, 12.026
(41, 37), (94, 43), (94, 37), (61, 95), (38, 37), (43, 39), (33, 95), (95, 63), (94, 61), (94, 43), -0.140x+64.619, 19.030, 467.962, 21.632
(61, 61), (94, 43), (43, 61), (107, 100), (102, 103), (108, 100), (107, 103), (108, 100), (102, 107), (103, 44), 0.606x+25.573, 16.979, 462.860, 21.514
(105, 105), (44, 108), (100, 104), (114, 105), (113, 119), (48, 57), (43, 42), (47, 44), (44, 59), (59, 59), 0.745x+26.776, 11.834, 323.154, 17.976
(59, 105), (120, 99), (118, 122), (98, 97), (115, 107), (108, 104), (100, 102), (107, 104), (108, 107), (104, 109), 0.084x+96.857, 4.644, 40.129, 6.335
(108, 100), (107, 109), (104, 108), (107, 100), (109, 110), (108, 104), (42, 47), (42, 47), (45, 42), (47, 45), 0.944x+3.917, 4.038, 17.757, 4.214
(47, 52), (53, 52), (53, 57), (56, 52), (48, 43), (94, 94), (59, 101), (102, 101), (100, 102), (103, 100), 0.892x+11.625, 7.587, 164.499, 12.826
(103, 100), (103, 100), (103, 100), (58, 59), (41, 37), (94, 43), (94, 37), (61, 95), (38, 37), (43, 39), 0.633x+18.004, 18.631, 528.212, 22.983
(33, 95), (95, 63), (94, 61), (94, 43), (61, 61), (94, 43), (43, 61), (107, 100), (102, 103), (108, 100), 0.094x+65.193, 20.870, 511.529, 22.617
(107, 103), (108, 100), (102, 107), (103, 44), (105, 105), (44, 108), (100, 104), (114, 105), (113, 119), (48, 57), 0.286x+68.200, 15.719, 480.931, 21.930
(43, 42), (47, 44), (44, 59), (59, 59), (59, 105), (120, 99), (118, 122), (98, 97), (115, 107), (108, 104), 0.750x+22.955, 10.375, 219.231, 14.806
(100, 102), (107, 104), (108, 107), (104, 109), (108, 100), (107, 109), (104, 108), (107, 100), (109, 110), (108, 104), 0.124x+92.104, 3.275, 12.906, 3.593
(42, 47), (42, 47), (45, 42), (47, 45), (47, 52), (53, 52), (53, 57), (56, 52), (48, 43), (94, 94), 0.957x+2.662, 3.525, 14.055, 3.749
(59, 101), (102, 101), (100, 102), (103, 100), (103, 100), (103, 100), (103, 100), (58, 59), (41, 37), (94, 43), 0.699x+23.784, 13.434, 389.775, 19.743
(94, 37), (61, 95), (38, 37), (43, 39), (33, 95), (95, 63), (94, 61), (94, 43), (61, 61), (94, 43), -0.252x+75.243, 17.121, 407.498, 20.187
(43, 61), (107, 100), (102, 103), (108, 100), (107, 103), (108, 100), (102, 107), (103, 44), (105, 105), (44, 108), 0.192x+75.225, 14.735, 410.928, 20.271
(100, 104), (114, 105), (113, 119), (48, 57), (43, 42), (47, 44), (44, 59), (59, 59), (59, 105), (120, 99), 0.763x+22.314, 11.337, 225.321, 15.011
(118, 122), (98, 97), (115, 107), (108, 104), (100, 102), (107, 104), (108, 107), (104, 109), (108, 100), (107, 109), 0.849x+15.055, 3.615, 18.214, 4.268
(104, 108), (107, 100), (109, 110), (108, 104), (42, 47), (42, 47), (45, 42), (47, 45), (47, 52), (53, 52), 0.945x+4.154, 3.612, 14.305, 3.782
(53, 57), (56, 52), (48, 43), (94, 94), (59, 101), (102, 101), (100, 102), (103, 100), (103, 100), (103, 100), 0.818x+17.879, 7.473, 158.941, 12.607
(103, 100), (58, 59), (41, 37), (94, 43), (94, 37), (61, 95), (38, 37), (43, 39), (33, 95), (95, 63), 0.120x+52.583, 21.725, 627.529, 25.051
(94, 61), (94, 43), (61, 61), (94, 43), (43, 61), (107, 100), (102, 103), (108, 100), (107, 103), (108, 100), 0.641x+18.640, 17.953, 419.300, 20.477
(102, 107), (103, 44), (105, 105), (44, 108), (100, 104), (114, 105), (113, 119), (48, 57), (43, 42), (47, 44), 0.583x+35.734, 19.306, 623.273, 24.965
(44, 59), (59, 59), (59, 105), (120, 99), (118, 122), (98, 97), (115, 107), (108, 104), (100, 102), (107, 104), 0.570x+42.896, 8.499, 149.979, 12.247
(108, 107), (104, 109), (108, 100), (107, 109), (104, 108), (107, 100), (109, 110), (108, 104), (42, 47), (42, 47), 0.902x+9.394, 3.225, 16.080, 4.010
(45, 42), (47, 45), (47, 52), (53, 52), (53, 57), (56, 52), (48, 43), (94, 94), (59, 101), (102, 101), 0.990x+4.097, 8.053, 173.813, 13.184
(100, 102), (103, 100), (103, 100), (103, 100), (103, 100), (58, 59), (41, 37), (94, 43), (94, 37), (61, 95), 0.646x+21.717, 19.281, 569.141, 23.857
(38, 37), (43, 39), (33, 95), (95, 63), (94, 61), (94, 43), (61, 61), (94, 43), (43, 61), (107, 100), 0.096x+53.564, 15.930, 431.363, 20.769
(102, 103), (108, 100), (107, 103), (108, 100), (102, 107), (103, 44), (105, 105), (44, 108), (100, 104), (114, 105), -0.140x+111.753, 10.716, 321.991, 17.944
(113, 119), (48, 57), (43, 42), (47, 44), (44, 59), (59, 59), (59, 105), (120, 99), (118, 122), (98, 97), 0.808x+19.766, 11.198, 227.178, 15.072
(115, 107), (108, 104), (100, 102), (107, 104), (108, 107), (104, 109), (108, 100), (107, 109), (104, 108), (107, 100), 0.090x+95.407, 2.928, 10.893, 3.300
(109, 110), (108, 104), (42, 47), (42, 47), (45, 42), (47, 45), (47, 52), (53, 52), (53, 57), (56, 52), 0.946x+3.827, 3.314, 11.708, 3.422
(48, 43), (94, 94), (59, 101), (102, 101), (100, 102), (103, 100), (103, 100), (103, 100), (103, 100), (58, 59), 0.740x+25.397, 6.933, 144.635, 12.026
(41, 37), (94, 43), (94, 37), (61, 95), (38, 37), (43, 39), (33, 95), (95, 63), (94, 61), (94, 43), -0.140x+64.619, 19.030, 467.962, 21.632
(61, 61), (94, 43), (43, 61), (107, 100), (102, 103), (108, 100), (107, 103), (108, 100), (102, 107), (103, 44), 0.606x+25.573, 16.979, 462.860, 21.514
(105, 105), (44, 108), (100, 104), (114, 105), (113, 119), (48, 57), (43, 42), (47, 44), (44, 59), (59, 59), 0.745x+26.776, 11.834, 323.154, 17.976
(59, 105), (120, 99), (118, 122), (98, 97), (115, 107), (108, 104), (100, 102), (107, 104), (108, 107), (104, 109), 0.084x+96.857, 4.644, 40.129, 6.335
(108, 100), (107, 109), (104, 108), (107, 100), (109, 110), (108, 104), (42, 47), (42, 47), (45, 42), (47, 45), 0.944x+3.917, 4.038, 17.757, 4.214
(47, 52), (53, 52), (53, 57), (56, 52), (48, 43), (94, 94), (59, 101), (102, 101), (100, 102), (103, 100), 0.892x+11.625, 7.587, 164.499, 12.826
(103, 100), (103, 100), (103, 100), (58, 59), (41, 37), (94, 43), (94, 37), (61, 95), (38, 37), (43, 39), 0.633x+18.004, 18.631, 528.212, 22.983
(33, 95), (95, 63), (94, 61), (94, 43), (61, 61), (94, 43), (43, 61), (107, 100), (102, 103), (108, 100), 0.094x+65.193, 20.870, 511.529, 22.617
(107, 103), (108, 100), (102, 107), (103, 44), (105, 105), (44, 108), (100, 104), (114, 105), (113, 119), (48, 57), 0.286x+68.200, 15.719, 480.931, 21.930
(43, 42), (47, 44), (44, 59), (59, 59), (59, 105), (120, 99), (118, 122), (98, 97), (115, 107), (108, 104), 0.750x+22.955, 10.375, 219.231, 14.806
(100, 102), (107, 104), (108, 107), (104, 109), (108, 100), (107, 109), (104, 108), (107, 100), (109, 110), (108, 104), 0.124x+92.104, 3.275, 12.906, 3.593
(42, 47), (42, 47), (45, 42), (47, 45), (47, 52), (53, 52), (53, 57), (56, 52), (48, 43), (94, 94), 0.957x+2.662, 3.525, 14.055, 3.749
(59, 101), (102, 101), (100, 102), (103, 100), (103, 100), (103, 100), (103, 100), (58, 59), (41, 37), (94, 43), 0.699x+23.784, 13.434, 389.775, 19.743
(94, 37), (61, 95), (38, 37), (43, 39), (33, 95), (95, 63), (94, 61), (94, 43), (61, 61), (94, 43), -0.252x+75.243, 17.121, 407.498, 20.187
(43, 61), (107, 100), (102, 103), (108, 100), (107, 103), (108, 100), (102, 107), (103, 44), (105, 105), (44, 108), 0.192x+75.225, 14.735, 410.928, 20.271
(100, 104), (114, 105), (113, 119), (48, 57), (43, 42), (47, 44), (44, 59), (59, 59), (59, 105), (120, 99), 0.763x+22.314, 11.337, 225.321, 15.011
(118, 122), (98, 97), (115, 107), (108, 104), (100, 102), (107, 104), (108, 107), (104, 109), (108, 100), (107, 109), 0.849x+15.055, 3.615, 18.214, 4.268
(104, 108), (107, 100), (109, 110), (108, 104), (42, 47), (42, 47), (45, 42), (47, 45), (47, 52), (53, 52), 0.945x+4.154, 3.612, 14.305, 3.782
(53, 57), (56, 52), (48, 43), (94, 94), (59, 101), (102, 101), (100, 102), (103, 100), (103, 100), (103, 100), 0.818x+17.879, 7.473, 158.941, 12.607
(103, 100), (58, 59), (41, 37), (94, 43), (94, 37), (61, 95), (38, 37), (43, 39), (33, 95), (95, 63), 0.120x+52.583, 21.725, 627.529, 25.051
(94, 61), (94, 43), (61, 61), (94, 43), (43, 61), (107, 100), (102, 103), (108, 100), (107, 103), (108, 100), 0.641x+18.640, 17.953, 419.300, 20.477
(102, 107), (103, 44), (105, 105), (44, 108), (100, 104), (114, 105), (113, 119), (48, 57), (43, 42), (47, 44), 0.583x+35.734, 19.306, 623.273, 24.965
(44, 59), (59, 59), (59, 105), (120, 99), (118, 122), (98, 97), (115, 107), (108, 104), (100, 102), (107, 104), 0.570x+42.896, 8.499, 149.979, 12.247
(108, 107), (104, 109), (108, 100), (107, 109), (104, 108), (107, 100), (109, 110), (108, 104), (42, 47), (42, 47), 0.902x+9.394, 3.225, 16.080, 4.010
(45, 42), (47, 45), (47, 52), (53, 52), (53, 57), (56, 52), (48, 43), (94, 94), (59, 101), (102, 101), 0.990x+4.097, 8.053, 173.813, 13.184
(100, 102), (103, 100), (103, 100), (103, 100), (103, 100), (58, 59), (41, 37), (94, 43), (94, 37), (61, 95), 0.646x+21.717, 19.281, 569.141, 23.857
(38, 37), (43, 39), (33, 95), (95, 63), (94, 61), (94, 43), (61, 61), (94, 43), (43, 61), (107, 100), 0.096x+53.564, 15.930, 431.363, 20.769
(102, 103), (108, 100), (107, 103), (108, 100), (102, 107), (103, 44), (105, 105), (44, 108), (100, 104), (114, 105), -0.140x+111.753, 10.716, 321.991, 17.944
(113, 119), (48, 57), (43, 42), (47, 44), (44, 59), (59, 59), (59, 105), (120, 99), (118, 122), (98, 97), 0.808x+19.766, 11.198, 227.178, 15.072
(115, 107), (108, 104), (100, 102), (107, 104), (108, 107), (104, 109), (108, 100), (107, 109), (104, 108), (107, 100), 0.090x+95.407, 2.928, 10.893, 3.300
(109, 110), (108, 104), (42, 47), (42, 47), (45, 42), (47, 45), (47, 52), (53, 52), (53, 57), (56, 52), 0.946x+3.827, 3.314, 11.708, 3.422
(48, 43), (94, 94), (59, 101), (102, 101), (100, 102), (103, 100), (103, 100), (103, 100), (103, 100), (58, 59), 0.740x+25.397, 6.933, 144.635, 12.026
(41, 37), (94, 43), (94, 37), (61, 95), (38, 37), (43, 39), (33, 95), (95, 63), (94, 61), (94, 43), -0.140x+64.619, 19.030, 467.962, 21.632
(61, 61), (94, 43), (43, 61), (107, 100), (102, 103), (108, 100), (107, 103), (108, 100), (102, 107), (103, 44), 0.606x+25.573, 16.979, 462.860, 21.514
(105, 105), (44, 108), (100, 104), (114, 105), (113, 119), (48, 57), (43, 42), (47, 44), (44, 59), (59, 59), 0.745x+26.776, 11.834, 323.154, 17.976
(59, 105), (120, 99), (118, 122), (98, 97), (115, 107), (108, 104), (100, 102), (107, 104), (108, 107), (104, 109), 0.084x+96.857, 4.644, 40.129, 6.335
(108, 100), (107, 109), (104, 108), (107, 100), (109, 110), (108, 104), (42, 47), (42, 47), (45, 42), (47, 45), 0.944x+3.917, 4.038, 17.757, 4.214
(47, 52), (53, 52), (53, 57), (56, 52), (48, 43), (94, 94), (59, 101), (102, 101), (100, 102), (103, 100), 0.892x+11.625, 7.587, 164.499, 12.826
(103, 100), (103, 100), (103, 100), (58, 59), (41, 37), (94, 43), (94, 37), (61, 95), (38, 37), (43, 39), 0.633x+18.004, 18.631, 528.212, 22.983
(33, 95), (95, 63), (94, 61), (94, 43), (61, 61), (94, 43), (43, 61), (107, 100), (102, 103), (108, 100), 0.094x+65.193, 20.870, 511.529, 22.617
(107, 103), (108, 100), (102, 107), (103, 44), (105, 105), (44, 108), (100, 104), (114, 105), (113, 119), (48, 57), 0.286x+68.200, 15.719, 480.931, 21.930
(43, 42), (47, 44), (44, 59), (59, 59), (59, 105), (120, 99), (118, 122), (98, 97), (115, 107), (108, 104), 0.750x+22.955, 10.375, 219.231, 14.806
(118, 100), (102, 107), (104, 108), (107, 104), (109, 108), (100, 107), (109, 104), (108, 107), (100, 109), (110, 108), -0.361x+144.677, 1.619, 3.249, 1.803
(104, 42), (47, 42), (47, 45), (42, 47), (45, 47), (52, 53), (52, 53), (57, 56), (52, 48), (43, 94), -0.244x+65.887, 8.810, 191.594, 13.842
(94, 59), (101, 102), (101, 100), (102, 103), (100, 103), (100, 103), (100, 103), (100, 58), (59, 41), (37, 94), 0.357x+54.690, 19.272, 462.439, 21.504
(43, 94), (37, 61), (95, 38), (37, 43), (39, 33), (95, 95), (63, 94), (61, 94), (43, 61), (61, 94), 0.278x+54.737, 21.498, 586.237, 24.212
(43, 43), (61, 107), (100, 102), (103, 108), (100, 107), (103, 108), (100, 102), (107, 103), (44, 105), (105, 44), 0.247x+71.487, 18.529, 576.971, 24.020
(108, 100), (104, 114), (105, 113), (119, 48), (57, 43), (42, 47), (44, 44), (59, 59), (59, 59), (105, 120), 0.754x+14.207, 14.722, 491.245, 22.164
(99, 118), (122, 98), (97, 115), (107, 108), (104, 100), (102, 107), (104, 108), (194, 163), (107, 104), (109, 108), 0.557x+49.108, 6.682, 80.473, 8.971
(100, 107), (109, 104), (108, 107), (100, 109), (110, 108), (104, 42), (47, 42), (47, 45), (42, 47), (45, 47), 0.844x+7.293, 11.972, 355.701, 18.860
(52, 53), (52, 53), (57, 56), (52, 48), (43, 94), (94, 59), (101, 102), (101, 100), (102, 103), (100, 103), 0.644x+28.563, 14.284, 306.646, 17.511
(100, 103), (100, 103), (100, 58), (59, 41), (37, 94), (43, 94), (37, 61), (95, 38), (37, 43), (39, 33), 0.230x+51.948, 24.499, 698.764, 26.434
(95, 95), (63, 94), (61, 94), (43, 61), (194, 163), (61, 94), (43, 43), (61, 107), (100, 102), (103, 108), 0.614x+45.519, 11.189, 197.795, 14.064
(100, 107), (103, 108), (100, 102), (107, 103), (44, 105), (105, 44), (108, 100), (104, 114), (105, 113), (119, 48), -0.383x+132.498, 19.581, 550.252, 23.457
(57, 43), (42, 47), (44, 44), (59, 59), (59, 59), (105, 120), (99, 118), (122, 98), (97, 115), (107, 108), 1.027x+-0.110, 9.662, 166.238, 12.893
(104, 100), (102, 107), (104, 108), (107, 104), (109, 108), (100, 107), (109, 104), (108, 107), (100, 109), (110, 108), -0.081x+114.779, 2.034, 6.676, 2.584
(104, 42), (47, 42), (47, 45), (42, 47), (45, 47), (52, 53), (52, 53), (57, 56), (52, 48), (43, 94), -0.244x+65.887, 8.810, 191.594, 13.842
(94, 59), (101, 102), (101, 100), (102, 103), (100, 103), (100, 103), (100, 103), (100, 58), (59, 41), (37, 94), 0.357x+54.690, 19.272, 462.439, 21.504
(43, 94), (37, 61), (95, 38), (37, 43), (39, 33), (95, 95), (63, 94), (61, 94), (43, 61), (61, 94), 0.278x+54.737, 21.498, 586.237, 24.212
(43, 43), (61, 107), (100, 102), (103, 108), (100, 107), (103, 108), (100, 102), (107, 103), (44, 105), (105, 44), 0.247x+71.487, 18.529, 576.971, 24.020
(108, 100), (104, 114), (105, 113), (119, 48), (57, 43), (42, 47), (44, 44), (59, 59), (59, 59), (105, 120), 0.754x+14.207, 14.722, 491.245, 22.164
(99, 118), (122, 98), (97, 115), (107, 108), (104, 100), (102, 107), (104, 108), (107, 104), (109, 108), (100, 107), -0.618x+172.224, 3.160, 15.481, 3.935
(109, 104), (108, 107), (100, 109), (110, 108), (104, 42), (47, 42), (47, 45), (42, 47), (45, 47), (52, 53), 0.798x+9.395, 11.476, 328.849, 18.134
(52, 53), (57, 56), (52, 48), (43, 94), (94, 59), (101, 102), (101, 100), (102, 103), (100, 103), (100, 103), 0.634x+31.238, 14.140, 304.907, 17.462
(100, 103), (100, 58), (59, 41), (37, 94), (43, 94), (37, 61), (95, 38), (37, 43), (39, 33), (95, 95), 0.184x+54.160, 23.731, 662.898, 25.747
(63, 94), (61, 94), (43, 61), (61, 94), (43, 43), (61, 107), (100, 102), (103, 108), (100, 107), (103, 108), 0.679x+41.725, 11.048, 186.496, 13.656
(100, 102), (107, 103), (44, 105), (105, 44), (108, 100), (104, 114), (105, 113), (119, 48), (57, 43), (42, 47), 0.279x+57.069, 27.251, 842.683, 29.029
(100, 102), (107, 104), (108, 107), (104, 109), (108, 100), (107, 109), (104, 108), (107, 100), (109, 110), (108, 104), 0.124x+92.104, 3.275, 12.906, 3.593
(42, 47), (42, 47), (45, 42), (47, 45), (47, 52), (53, 52), (53, 57), (56, 52), (48, 43), (94, 94), 0.957x+2.662, 3.525, 14.055, 3.749
(59, 101), (102, 101), (100, 102), (103, 100), (103, 100), (103, 100), (103, 100), (58, 59), (41, 37), (94, 43), 0.699x+23.784, 13.434, 389.775, 19.743
(94, 37), (61, 95), (38, 37), (43, 39), (33, 95), (95, 63), (94, 61), (94, 43), (61, 61), (94, 43), -0.252x+75.243, 17.121, 407.498, 20.187
(43, 61), (107, 100), (102, 103), (108, 100), (107, 103), (108, 100), (102, 107), (103, 44), (105, 105), (44, 108), 0.192x+75.225, 14.735, 410.928, 20.271
(100, 104), (114, 105), (113, 119), (48, 57), (43, 42), (47, 44), (44, 59), (59, 59), (59, 105), (120, 99), 0.763x+22.314, 11.337, 225.321, 15.011
(118, 122), (98, 97), (115, 107), (108, 104), (100, 102), (107, 104), (108, 107), (104, 109), (108, 100), (107, 109), 0.849x+15.055, 3.615, 18.214, 4.268
(104, 108), (107, 100), (109, 110), (108, 104), (42, 47), (42, 47), (45, 42), (47, 45), (47, 52), (53, 52), 0.945x+4.154, 3.612, 14.305, 3.782
(53, 57), (56, 52), (48, 43), (94, 94), (59, 101), (102, 101), (100, 102), (103, 100), (103, 100), (103, 100), 0.818x+17.879, 7.473, 158.941, 12.607
(103, 100), (58, 59), (41, 37), (94, 43), (94, 37), (61, 95), (38, 37), (43, 39), (33, 95), (95, 63), 0.120x+52.583, 21.725, 627.529, 25.051
(94, 61), (94, 43), (61, 61), (94, 43), (43, 61), (107, 100), (102, 103), (108, 100), (107, 103), (108, 100), 0.641x+18.640, 17.953, 419.300, 20.477
(102, 107), (103, 44), (105, 105), (44, 108), (100, 104), (114, 105), (113, 119), (48, 57), (43, 42), (47, 44), 0.583x+35.734, 19.306, 623.273, 24.965
(44, 59), (59, 59), (59, 105), (120, 99), (118, 122), (98, 97), (115, 107), (108, 104), (100, 102), (107, 104), 0.570x+42.896, 8.499, 149.979, 12.247
(108, 107), (104, 109), (108, 100), (107, 109), (104, 108), (107, 100), (109, 110), (108, 104), (42, 47), (42, 47), 0.902x+9.394, 3.225, 16.080, 4.010
(45, 42), (47, 45), (47, 52), (53, 52), (53, 57), (56, 52), (48, 43), (94, 94), (59, 101), (102, 101), 0.990x+4.097, 8.053, 173.813, 13.184
(100, 102), (103, 100), (103, 100), (103, 100), (103, 100), (58, 59), (41, 37), (94, 43), (94, 37), (61, 95), 0.646x+21.717, 19.281, 569.141, 23.857
(38, 37), (43, 39), (33, 95), (95, 63), (94, 61), (94, 43), (61, 61), (94, 43), (43, 61), (107, 100), 0.096x+53.564, 15.930, 431.363, 20.769
(102, 103), (108, 100), (107, 103), (108, 100), (102, 107), (103, 44), (105, 105), (44, 108), (100, 104), (114, 105), -0.140x+111.753, 10.716, 321.991, 17.944
(113, 119), (48, 57), (43, 42), (47, 44), (44, 59), (59, 59), (59, 105), (120, 99), (118, 122), (98, 97), 0.808x+19.766, 11.198, 227.178, 15.072
(115, 107), (108, 104), (100, 102), (107, 104), (108, 107), (104, 109), (108, 100), (107, 109), (104, 108), (107, 100), 0.090x+95.407, 2.928, 10.893, 3.300
(109, 110), (108, 104), (42, 47), (42, 47), (45, 42), (47, 45), (47, 52), (53, 52), (53, 57), (56, 52), 0.946x+3.827, 3.314, 11.708, 3.422
(48, 43), (94, 94), (59, 101), (102, 101), (100, 102), (103, 100), (103, 100), (103, 100), (103, 100), (58, 59), 0.740x+25.397, 6.933, 144.635, 12.026
(41, 37), (94, 43), (94, 37), (61, 95), (38, 37), (43, 39), (33, 95), (95, 63), (94, 61), (94, 43), -0.140x+64.619, 19.030, 467.962, 21.632
(61, 61), (94, 43), (43, 61), (107, 100), (102, 103), (108, 100), (107, 103), (108, 100), (102, 107), (103, 44), 0.606x+25.573, 16.979, 462.860, 21.514
(105, 105), (44, 108), (100, 104), (114, 105), (113, 119), (48, 57), (43, 42), (47, 44), (44, 59), (59, 59), 0.745x+26.776, 11.834, 323.154, 17.976
(59, 105), (120, 99), (118, 122), (98, 97), (115, 107), (108, 104), (100, 102), (107, 104), (108, 107), (104, 109), 0.084x+96.857, 4.644, 40.129, 6.335
(108, 100), (107, 109), (104, 108), (107, 100), (109, 110), (108, 104), (42, 47), (42, 47), (45, 42), (47, 45), 0.944x+3.917, 4.038, 17.757, 4.214
(47, 52), (53, 52), (53, 57), (56, 52), (48, 43), (94, 94), (59, 101), (102, 101), (100, 102), (103, 100), 0.892x+11.625, 7.587, 164.499, 12.826
(103, 100), (103, 100), (103, 100), (58, 59), (41, 37), (94, 43), (94, 37), (61, 95), (38, 37), (43, 39), 0.633x+18.004, 18.631, 528.212, 22.983
(33, 95), (95, 63), (94, 61), (94, 43), (61, 61), (94, 43), (43, 61), (107, 100), (102, 103), (108, 100), 0.094x+65.193, 20.870, 511.529, 22.617
(107, 103), (108, 100), (102, 107), (103, 44), (105, 105), (44, 108), (100, 104), (114, 105), (113, 119), (48, 57), 0.286x+68.200, 15.719, 480.931, 21.930
(43, 42), (47, 44), (44, 59), (59, 59), (59, 105), (120, 99), (118, 122), (98, 97), (115, 107), (108, 104), 0.750x+22.955, 10.375, 219.231, 14.806
(100, 102), (107, 104), (108, 107), (104, 109), (108, 100), (107, 109), (104, 108), (107, 100), (109, 110), (108, 104), 0.124x+92.104, 3.275, 12.906, 3.593
(42, 47), (42, 47), (45, 42), (47, 45), (47, 52), (53, 52), (53, 57), (56, 52), (48, 43), (94, 94), 0.957x+2.662, 3.525, 14.055, 3.749
(59, 101), (102, 101), (100, 102), (103, 100), (103, 100), (103, 100), (103, 100), (58, 59), (41, 37), (94, 43), 0.699x+23.784, 13.434, 389.775, 19.743
(94, 37), (61, 95), (38, 37), (43, 39), (33, 95), (95, 63), (94, 61), (94, 43), (61, 61), (94, 43), -0.252x+75.243, 17.121, 407.498, 20.187
(43, 61), (107, 100), (102, 103), (108, 100), (107, 103), (108, 100), (102, 107), (103, 44), (105, 105), (44, 108), 0.192x+75.225, 14.735, 410.928, 20.271
(100, 104), (114, 105), (113, 119), (48, 57), (43, 42), (47, 44), (44, 59), (59, 59), (59, 105), (120, 99), 0.763x+22.314, 11.337, 225.321, 15.011
(118, 122), (98, 97), (115, 107), (108, 104), (100, 102), (107, 104), (108, 107), (104, 109), (108, 100), (107, 109), 0.849x+15.055, 3.615, 18.214, 4.268
(104, 108), (107, 100), (109, 110), (108, 104), (42, 47), (42, 47), (45, 42), (47, 45), (47, 52), (53, 52), 0.945x+4.154, 3.612, 14.305, 3.782
(53, 57), (56, 52), (48, 43), (94, 94), (59, 101), (102, 101), (100, 102), (103, 100), (103, 100), (103, 100), 0.818x+17.879, 7.473, 158.941, 12.607
(103, 100), (58, 59), (41, 37), (94, 43), (94, 37), (61, 95), (38, 37), (43, 39), (33, 95), (95, 63), 0.120x+52.583, 21.725, 627.529, 25.051
(94, 61), (94, 43), (61, 61), (94, 43), (43, 61), (107, 100), (102, 103), (108, 100), (107, 103), (108, 100), 0.641x+18.640, 17.953, 419.300, 20.477
(102, 107), (103, 44), (105, 105), (44, 108), (100, 104), (114, 105), (113, 119), (48, 57), (43, 42), (47, 44), 0.583x+35.734, 19.306, 623.273, 24.965
(44, 59), (59, 59), (59, 105), (120, 99), (118, 122), (98, 97), (115, 107), (108, 104), (100, 102), (107, 104), 0.570x+42.896, 8.499, 149.979, 12.247
(108, 107), (104, 109), (108, 100), (107, 109), (104, 108), (107, 100), (109, 110), (108, 104), (42, 47), (42, 47), 0.902x+9.394, 3.225, 16.080, 4.010
(45, 42), (47, 45), (47, 52), (53, 52), (53, 57), (56, 52), (48, 43), (94, 94), (59, 101), (102, 101), 0.990x+4.097, 8.053, 173.813, 13.184
(100, 102), (103, 100), (103, 100), (103, 100), (103, 100), (58, 59), (41, 37), (94, 43), (94, 37), (61, 95), 0.646x+21.717, 19.281, 569.141, 23.857
(38, 37), (43, 39), (33, 95), (95, 63), (94, 61), (94, 43), (61, 61), (94, 43), (43, 61), (107, 100), 0.096x+53.564, 15.930, 431.363, 20.769
(102, 103), (108, 100), (107, 103), (108, 100), (102, 107), (103, 44), (105, 105), (44, 108), (100, 104), (114, 105), -0.140x+111.753, 10.716, 321.991, 17.944
(113, 119), (48, 57), (43, 42), (47, 44), (44, 59), (59, 59), (59, 105), (120, 99), (118, 122), (98, 97), 0.808x+19.766, 11.198, 227.178, 15.072
(115, 107), (108, 104), (100, 102), (107, 104), (108, 107), (104, 109), (108, 100), (107, 109), (104, 108), (107, 100), 0.090x+95.407, 2.928, 10.893, 3.300
(109, 110), (108, 104), (42, 47), (42, 47), (45, 42), (47, 45), (47, 52), (53, 52), (53, 57), (56, 52), 0.946x+3.827, 3.314, 11.708, 3.422
(48, 43), (94, 94), (59, 101), (102, 101), (100, 102), (103, 100), (103, 100), (103, 100), (103, 100), (58, 59), 0.740x+25.397, 6.933, 144.635, 12.026
(41, 37), (94, 43), (94, 37), (61, 95), (38, 37), (43, 39), (33, 95), (95, 63), (94, 61), (94, 43), -0.140x+64.619, 19.030, 467.962, 21.632
(61, 61), (94, 43), (43, 61), (107, 100), (102, 103), (108, 100), (107, 103), (108, 100), (102, 107), (103, 44), 0.606x+25.573, 16.979, 462.860, 21.514
(105, 105), (44, 108), (100, 104), (114, 105), (113, 119), (48, 57), (43, 42), (47, 44), (44, 59), (59, 59), 0.745x+26.776, 11.834, 323.154, 17.976
(59, 105), (120, 99), (118, 122), (98, 97), (115, 107), (108, 104), (100, 102), (107, 104), (108, 107), (104, 109), 0.084x+96.857, 4.644, 40.129, 6.335
(108, 100), (107, 109), (104, 108), (107, 100), (109, 110), (108, 104), (42, 47), (42, 47), (45, 42), (47, 45), 0.944x+3.917, 4.038, 17.757, 4.214
(47, 52), (53, 52), (53, 57), (56, 52), (48, 43), (94, 94), (59, 101), (102, 101), (100, 102), (103, 100), 0.892x+11.625, 7.587, 164.499, 12.826
(103, 100), (103, 100), (103, 100), (58, 59), (41, 37), (94, 43), (94, 37), (61, 95), (38, 37), (43, 39), 0.633x+18.004, 18.631, 528.212, 22.983
(33, 95), (95, 63), (94, 61), (94, 43), (61, 61), (94, 43), (43, 61), (107, 100), (102, 103), (108, 100), 0.094x+65.193, 20.870, 511.529, 22.617
(107, 103), (108, 100), (102, 107), (103, 44), (105, 105), (44, 108), (100, 104), (114, 105), (113, 119), (48, 57), 0.286x+68.200, 15.719, 480.931, 21.930
(43, 42), (47, 44), (44, 59), (59, 59), (59, 105), (120, 99), (118, 122), (98, 97), (115, 107), (108, 104), 0.750x+22.955, 10.375, 219.231, 14.806
(100, 102), (107, 104), (108, 107), (104, 109), (108, 100), (107, 109), (104, 108), (107, 100), (109, 110), (108, 104), 0.124x+92.104, 3.275, 12.906, 3.593
(42, 47), (42, 47), (45, 42), (47, 45), (47, 52), (53, 52), (53, 57), (56, 52), (48, 43), (94, 94), 0.957x+2.662, 3.525, 14.055, 3.749
(59, 101), (102, 101), (100, 102), (103, 100), (103, 100), (103, 100), (103, 100), (58, 59), (41, 37), (94, 43), 0.699x+23.784, 13.434, 389.775, 19.743
(94, 37), (61, 95), (38, 37), (43, 39), (33, 95), (95, 63), (94, 61), (94, 43), (61, 61), (94, 43), -0.252x+75.243, 17.121, 407.498, 20.187
(43, 61), (107, 100), (102, 103), (108, 100), (107, 103), (108, 100), (102, 107), (103, 44), (105, 105), (44, 108), 0.192x+75.225, 14.735, 410.928, 20.271
(100, 104), (114, 105), (113, 119), (48, 57), (43, 42), (47, 44), (44, 59), (59, 59), (59, 105), (120, 99), 0.763x+22.314, 11.337, 225.321, 15.011
(118, 122), (98, 97), (115, 107), (108, 104), (100, 102), (107, 104), (108, 107), (104, 109), (108, 100), (107, 109), 0.849x+15.055, 3.615, 18.214, 4.268
(104, 108), (107, 100), (109, 110), (108, 104), (42, 47), (42, 47), (45, 42), (47, 45), (47, 52), (53, 52), 0.945x+4.154, 3.612, 14.305, 3.782
(53, 57), (56, 52), (48, 43), (94, 94), (59, 101), (102, 101), (100, 102), (103, 100), (103, 100), (103, 100), 0.818x+17.879, 7.473, 158.941, 12.607
(103, 100), (58, 59), (41, 37), (94, 43), (94, 37), (61, 95), (38, 37), (43, 39), (33, 95), (95, 63), 0.120x+52.583, 21.725, 627.529, 25.051
(94, 61), (94, 43), (61, 61), (94, 43), (43, 61), (107, 100), (102, 103), (108, 100), (107, 103), (108, 100), 0.641x+18.640, 17.953, 419.300, 20.477
(102, 107), (103, 44), (105, 105), (44, 108), (100, 104), (114, 105), (113, 119), (48, 57), (43, 42), (47, 44), 0.583x+35.734, 19.306, 623.273, 24.965
(44, 59), (59, 59), (59, 105), (120, 99), (118, 122), (98, 97), (115, 107), (108, 104), (100, 102), (107, 104), 0.570x+42.896, 8.499, 149.979, 12.247
(108, 107), (104, 109), (108, 100), (107, 109), (104, 108), (107, 100), (109, 110), (108, 104), (42, 47), (42, 47), 0.902x+9.394, 3.225, 16.080, 4.010
(45, 42), (47, 45), (47, 52), (53, 52), (53, 57), (56, 52), (48, 43), (94, 94), (59, 101), (102, 101), 0.990x+4.097, 8.053, 173.813, 13.184
(100, 102), (103, 100), (103, 100), (103, 100), (103, 100), (58, 59), (41, 37), (94, 43), (94, 37), (61, 95), 0.646x+21.717, 19.281, 569.141, 23.857
(38, 37), (43, 39), (33, 95), (95, 63), (94, 61), (94, 43), (61, 61), (94, 43), (43, 61), (107, 100), 0.096x+53.564, 15.930, 431.363, 20.769
(102, 103), (108, 100), (107, 103), (108, 100), (102, 107), (103, 44), (105, 105), (44, 108), (100, 104), (114, 105), -0.140x+111.753, 10.716, 321.991, 17.944
(113, 119), (48, 57), (43, 42), (47, 44), (44, 59), (59, 59), (59, 105), (120, 99), (118, 122), (98, 97), 0.808x+19.766, 11.198, 227.178, 15.072
(115, 107), (108, 104), (100, 102), (107, 104), (108, 107), (104, 109), (108, 100), (107, 109), (104, 108), (107, 100), 0.090x+95.407, 2.928, 10.893, 3.300
(109, 110), (108, 104), (42, 47), (42, 47), (45, 42), (47, 45), (47, 52), (53, 52), (53, 57), (56, 52), 0.946x+3.827, 3.314, 11.708, 3.422
(48, 43), (94, 94), (59, 101), (102, 101), (100, 102), (103, 100), (103, 100), (103, 100), (103, 100), (58, 59), 0.740x+25.397, 6.933, 144.635, 12.026
(41, 37), (94, 43), (94, 37), (61, 95), (38, 37), (43, 39), (33, 95), (95, 63), (94, 61), (94, 43), -0.140x+64.619, 19.030, 467.962, 21.632
(61, 61), (94, 43), (43, 61), (107, 100), (102, 103), (108, 100), (107, 103), (108, 100), (102, 107), (103, 44), 0.606x+25.573, 16.979, 462.860, 21.514
(105, 105), (44, 108), (100, 104), (114, 105), (113, 119), (48, 57), (43, 42), (47, 44), (44, 59), (59, 59), 0.745x+26.776, 11.834, 323.154, 17.976
(59, 105), (120, 99), (118, 122), (98, 97), (115, 107), (108, 104), (100, 102), (107, 104), (108, 107), (104, 109), 0.084x+96.857, 4.644, 40.129, 6.335
(108, 100), (107, 109), (104, 108), (107, 100), (109, 110), (108, 104), (42, 47), (42, 47), (45, 42), (47, 45), 0.944x+3.917, 4.038, 17.757, 4.214
(47, 52), (53, 52), (53, 57), (56, 52), (48, 43), (94, 94), (59, 101), (102, 101), (100, 102), (103, 100), 0.892x+11.625, 7.587, 164.499, 12.826
(103, 100), (103, 100), (103, 100), (58, 59), (41, 37), (94, 43), (94, 37), (61, 95), (38, 37), (43, 39), 0.633x+18.004, 18.631, 528.212, 22.983
(33, 95), (95, 63), (94, 61), (94, 43), (61, 61), (94, 43), (43, 61), (107, 100), (102, 103), (108, 100), 0.094x+65.193, 20.870, 511.529, 22.617
(107, 103), (108, 100), (102, 107), (103, 44), (105, 105), (44, 108), (100, 104), (114, 105), (113, 119), (48, 57), 0.286x+68.200, 15.719, 480.931, 21.930
(43, 42), (47, 44), (44, 59), (59, 59), (59, 105), (120, 99), (118, 122), (98, 97), (115, 107), (108, 104), 0.750x+22.955, 10.375, 219.231, 14.806
(118, 100), (102, 107), (104, 108), (107, 104), (109, 108), (100, 107), (109, 104), (108, 107), (100, 109), (110, 108), -0.361x+144.677, 1.619, 3.249, 1.803
(104, 42), (47, 42), (47, 45), (42, 47), (45, 47), (52, 53), (52, 53), (57, 56), (52, 48), (43, 94), -0.244x+65.887, 8.810, 191.594, 13.842
(94, 59), (101, 102), (101, 100), (102, 103), (100, 103), (100, 103), (100, 103), (100, 58), (59, 41), (37, 94), 0.357x+54.690, 19.272, 462.439, 21.504
(43, 94), (37, 61), (95, 38), (37, 43), (39, 33), (95, 95), (63, 94), (61, 94), (43, 61), (61, 94), 0.278x+54.737, 21.498, 586.237, 24.212
(43, 43), (61, 107), (100, 102), (103, 108), (100, 107), (103, 108), (100, 102), (107, 103), (44, 105), (105, 44), 0.247x+71.487, 18.529, 576.971, 24.020
(108, 100), (104, 114), (105, 113), (119, 48), (57, 43), (42, 47), (44, 44), (59, 59), (59, 59), (105, 120), 0.754x+14.207, 14.722, 491.245, 22.164
(99, 118), (122, 98), (97, 115), (107, 108), (104, 100), (102, 107), (104, 108), (194, 163), (107, 104), (109, 108), 0.557x+49.108, 6.682, 80.473, 8.971
(100, 107), (109, 104), (108, 107), (100, 109), (110, 108), (104, 42), (47, 42), (47, 45), (42, 47), (45, 47), 0.844x+7.293, 11.972, 355.701, 18.860
(52, 53), (52, 53), (57, 56), (52, 48), (43, 94), (94, 59), (101, 102), (101, 100), (102, 103), (100, 103), 0.644x+28.563, 14.284, 306.646, 17.511
(100, 103), (100, 103), (100, 58), (59, 41), (37, 94), (43, 94), (37, 61), (95, 38), (37, 43), (39, 33), 0.230x+51.948, 24.499, 698.764, 26.434
(95, 95), (63, 94), (61, 94), (43, 61), (194, 163), (61, 94), (43, 43), (61, 107), (100, 102), (103, 108), 0.614x+45.519, 11.189, 197.795, 14.064
(100, 107), (103, 108), (100, 102), (107, 103), (44, 105), (105, 44), (108, 100), (104, 114), (105, 113), (119, 48), -0.383x+132.498, 19.581, 550.252, 23.457
(57, 43), (42, 47), (44, 44), (59, 59), (59, 59), (105, 120), (99, 118), (122, 98), (97, 115), (107, 108), 1.027x+-0.110, 9.662, 166.238, 12.893
(104, 100), (102, 107), (104, 108), (107, 104), (109, 108), (100, 107), (109, 104), (108, 107), (100, 109), (110, 108), -0.081x+114.779, 2.034, 6.676, 2.584
(104, 42), (47, 42), (47, 45), (42, 47), (45, 47), (52, 53), (52, 53), (57, 56), (52, 48), (43, 94), -0.244x+65.887, 8.810, 191.594, 13.842
(94, 59), (101, 102), (101, 100), (102, 103), (100, 103), (100, 103), (100, 103), (100, 58), (59, 41), (37, 94), 0.357x+54.690, 19.272, 462.439, 21.504
(43, 94), (37, 61), (95, 38), (37, 43), (39, 33), (194, 163), (194, 163), (194, 163), (95, 95), (63, 94), 0.671x+28.168, 17.085, 552.295, 23.501
(61, 94), (43, 61), (61, 94), (43, 43), (61, 107), (100, 102), (103, 108), (100, 107), (103, 108), (100, 102), 0.673x+40.431, 10.098, 180.215, 13.424
(107, 103), (44, 105), (105, 44), (108, 100), (104, 114), (105, 113), (119, 48), (57, 43), (42, 47), (44, 44), 0.356x+46.376, 27.304, 854.207, 29.227
(59, 59), (59, 59), (105, 120), (99, 118), (122, 98), (97, 115), (107, 108), (104, 100), (102, 107), (104, 108), 0.903x+12.657, 9.343, 139.303, 11.803
(107, 104), (109, 108), (100, 107), (109, 104), (108, 107), (100, 109), (110, 108), (104, 42), (47, 42), (47, 45), 0.936x+-0.458, 11.264, 359.716, 18.966
(42, 47), (45, 47), (52, 53), (52, 53), (57, 56), (52, 48), (43, 94), (94, 59), (101, 102), (101, 100), 0.586x+28.435, 13.405, 291.097, 17.062
(102, 103), (100, 103), (100, 103), (100, 103), (100, 58), (59, 41), (37, 94), (43, 94), (37, 61), (95, 38), 0.171x+66.558, 23.622, 641.035, 25.319
(37, 43), (39, 33), (95, 95), (63, 94), (61, 94), (43, 61), (61, 94), (43, 43), (61, 107), (100, 102), 0.981x+17.426, 15.853, 299.657, 17.311
(103, 108), (100, 107), (103, 108), (100, 102), (107, 103), (44, 105), (105, 44), (108, 100), (104, 114), (105, 113), -0.110x+111.164, 11.393, 367.464, 19.169
(119, 48), (57, 43), (42, 47), (44, 44), (59, 59), (59, 59), (105, 120), (99, 118), (122, 98), (97, 115), 0.703x+18.654, 17.092, 570.899, 23.894
